camera extrinsic:  
[[ 1.00000000e+00  0.00000000e+00  0.00000000e+00  0.00000000e+00]
 [ 0.00000000e+00 -1.19209290e-07 -1.00000012e+00  0.00000000e+00]
 [ 0.00000000e+00  1.00000012e+00 -1.19209290e-07  2.00000000e+00]
 [ 0.00000000e+00  0.00000000e+00  0.00000000e+00  1.00000000e+00]]
camera intrinsic:  
[[-110.85124795    0.           64.        ]
 [   0.         -110.85124795   64.        ]
 [   0.            0.            1.        ]]

euler="0 1.571 -1.571" 
[[ 0.00000000e+00  0.00000000e+00 -9.99999979e-01  1.37000000e+00]
 [-9.99999979e-01  0.00000000e+00  0.00000000e+00  0.00000000e+00]
 [ 0.00000000e+00  9.99999959e-01  0.00000000e+00  1.12000000e+00]
 [ 0.00000000e+00  0.00000000e+00  0.00000000e+00  1.00000000e+00]]
euler="0 -1.571 1.571" 
 [ 0.00000000e+00  0.00000000e+00  9.99999979e-01  1.37000000e+00]
 [ 9.99999979e-01  0.00000000e+00  0.00000000e+00  0.00000000e+00]
 [ 0.00000000e+00  9.99999959e-01  0.00000000e+00  1.12000000e+00]
 [ 0.00000000e+00  0.00000000e+00  0.00000000e+00  1.00000000e+00]]